SIZES
  narena                14680064
  nbuffer               87184
  nplugin               0
  maxuse_stack          16448
  maxuse_arena          50008
  maxuse_con            10
  maxuse_efc            40
  solver_nisland        1
  ne                    0
  nf                    0
  nl                    0
  nefc                  20
  nnzJ                  460
  ncon                  5
  nisland               0
  threadpool            0

TIMER
    0:  duration =  0          number = 0
    1:  duration =  3.7        number = 17
    2:  duration =  0          number = 0
    3:  duration =  2.8        number = 17
    4:  duration =  0.23       number = 17
    5:  duration =  0.076      number = 17
    6:  duration =  0.4        number = 17
    7:  duration =  0          number = 0
    8:  duration =  0.53       number = 17
    9:  duration =  0.24       number = 17
    10:  duration =  1.7        number = 17
    11:  duration =  0.32       number = 17
    12:  duration =  0.0054     number = 17
    13:  duration =  0.44       number = 17
    14:  duration =  1.1        number = 17

SOLVER STAT
  solver_nisland = 1
  solver_fwdinv =   0         0       
ENERGY =   0         0       

TIME =  6.1     

QPOS
  -0.062   
   0.033   
   0.24    
   0.99    
  -0.011   
   0.14    
  -0.029   
   1.2     
  -0.00014 
  -0.011   
   1       
   0.011   
  -0.8     
   0.79    
   0.98    
   0.01    
  -0.72    
   0.81    
   0.086   
  -0.00097 
  -0.5     
   0.03    
  -0.0028  
  -0.47    

QVEL
  -0.0016  
  -0.00016 
  -0.0011  
   0.0016  
   0.0022  
   0.0082  
   0.13    
  -0.00019 
  -0.0085  
  -0.014   
   0.0052  
   0.021   
   0.021   
  -0.0055  
   0.0035  
   0.03    
   0.036   
   0.009   
  -0.00054 
   0.0056  
   0.0086  
  -0.0026  
   0.012   

QACC_WARMSTART
   0.0025  
   0.00062 
  -0.00075 
  -0.0045  
  -0.00078 
  -0.0067  
  -0.0046  
  -9.6e-05 
  -0.0013  
  -0.0022  
  -0.0052  
  -0.00094 
  -0.0061  
  -0.015   
  -0.007   
  -0.013   
  -0.0079  
  -0.0009  
  -8.7e-05 
  -0.0014  
   0.0049  
  -0.0027  
   0.0066  

CTRL
   0       
   0       
   0       
   0       
   0       
   0       
   0       
   0       
   0       
   0       
   0       
   0       
   0       
   0       
   0       
   0       
   0       

QFRC_APPLIED
   0       
   0       
   0       
   0       
   0       
   0       
   0       
   0       
   0       
   0       
   0       
   0       
   0       
   0       
   0       
   0       
   0       
   0       
   0       
   0       
   0       
   0       
   0       

XFRC_APPLIED
   0         0         0         0         0         0       
   0         0         0         0         0         0       
   0         0         0         0         0         0       
   0         0         0         0         0         0       
   0         0         0         0         0         0       
   0         0         0         0         0         0       
   0         0         0         0         0         0       
   0         0         0         0         0         0       
   0         0         0         0         0         0       
   0         0         0         0         0         0       
   0         0         0         0         0         0       
   0         0         0         0         0         0       
   0         0         0         0         0         0       
   0         0         0         0         0         0       
   0         0         0         0         0         0       
   0         0         0         0         0         0       
   0         0         0         0         0         0       
   0         0         0         0         0         0       
   0         0         0         0         0         0       

QACC
   0.0025  
   0.00062 
  -0.00075 
  -0.0045  
  -0.00078 
  -0.0067  
  -0.0046  
  -9.6e-05 
  -0.0013  
  -0.0022  
  -0.0052  
  -0.00094 
  -0.0061  
  -0.015   
  -0.007   
  -0.013   
  -0.0079  
  -0.0009  
  -8.7e-05 
  -0.0014  
   0.0049  
  -0.0027  
   0.0066  

XPOS
   0         0         0       
  -0.062     0.033     0.24    
  -0.23      0.043     0.28    
  -0.24      0.044     0.29    
  -0.34      0.052     0.36    
  -0.14     -0.032     0.26    
  -0.14     -0.045     0.26    
  -0.22     -0.042     0.18    
  -0.23     -0.045     0.015   
  -0.13      0.11      0.25    
  -0.13      0.12      0.25    
  -0.22      0.12      0.18    
  -0.22      0.11      0.015   
   0.082    -0.021     0.2     
   0.082    -0.033     0.2     
   0.06     -0.035     0.085   
   0.087     0.068     0.19    
   0.088     0.081     0.19    
   0.06      0.079     0.083   

XQUAT
   1         0         0         0       
   0.99     -0.011     0.14     -0.029   
   0.64     -0.34     -0.31      0.62    
   0.64     -0.34     -0.31      0.62    
   0.21     -0.7      -0.65      0.22    
   0.25      0.28      0.64     -0.67    
  -0.28      0.67      0.63     -0.27    
  -0.0012    0.73      0.68     -0.017   
   0.67      0.28      0.27      0.63    
   0.26     -0.23      0.68      0.65    
  -0.3      -0.62      0.66      0.29    
   0.01      0.72      0.69     -0.016   
   0.67      0.26      0.27      0.63    
  -0.71     -0.69     -0.046     0.086   
   0.057    -0.72     -0.68      0.075   
  -0.32     -0.65     -0.63     -0.28    
  -0.066     0.11      0.71      0.69    
  -0.1       0.72      0.68     -0.068   
   0.31      0.66      0.63      0.27    

XMAT
   1         0         0         0         1         0         0         0         1       
   0.96      0.053     0.27     -0.06      1         0.015    -0.27     -0.03      0.96    
   0.053    -0.58     -0.81      1         0.0064    0.061    -0.03     -0.81      0.58    
   0.054    -0.58     -0.81      1         0.0065    0.061    -0.03     -0.81      0.58    
   0.054     0.82     -0.57      1        -0.061     0.0059   -0.03     -0.57     -0.82    
  -0.72      0.69     -0.053     0.017    -0.059    -1        -0.7      -0.72      0.03    
   0.061     0.69     -0.72      1        -0.059     0.028    -0.023    -0.72     -0.7     
   0.061     1        -0.026     1        -0.062    -0.021    -0.023    -0.025    -1       
   0.061    -0.69      0.72      1         0.059    -0.028    -0.023     0.72      0.7     
  -0.76     -0.65      0.053     0.021     0.058     1        -0.65      0.76     -0.03    
  -0.046    -0.65     -0.76     -1         0.058     0.011     0.037     0.76     -0.65    
   0.046     1        -0.008     1        -0.046    -0.037    -0.037    -0.0063   -1       
   0.046    -0.71      0.7       1         0.059    -0.0056   -0.037     0.7       0.72    
   0.98      0.19     -0.053    -0.058     0.02     -1        -0.18      0.98      0.03    
   0.054     0.98     -0.19      1        -0.058    -0.019    -0.029    -0.18     -0.98    
   0.054     0.64      0.77      1        -0.011    -0.06     -0.029     0.77     -0.64    
  -0.97      0.24      0.053     0.059     0.017     1         0.24      0.97     -0.03    
   0.071     0.97     -0.24      1        -0.059     0.056     0.04     -0.24     -0.97    
   0.053     0.66      0.75      1        -0.0098   -0.061    -0.033     0.75     -0.66    

XIPOS
   0         0         0       
  -0.043     0.031     0.23    
  -0.23      0.044     0.29    
  -0.29      0.048     0.33    
  -0.39      0.052     0.29    
  -0.14     -0.039     0.26    
  -0.18     -0.044     0.22    
  -0.22     -0.044     0.097   
  -0.14     -0.049     0.098   
  -0.13      0.11      0.25    
  -0.17      0.12      0.22    
  -0.22      0.12      0.097   
  -0.14      0.11      0.1     
   0.081    -0.028     0.2     
   0.071    -0.035     0.14    
   0.095    -0.038     0.056   
   0.087     0.075     0.19    
   0.074     0.08      0.14    
   0.094     0.076     0.053   

XIMAT
   1         0         0         0         1         0         0         0         1       
   0.27     -0.057     0.96      0.018    -1        -0.064     0.96      0.035    -0.27    
  -0.13     -0.58     -0.8       0.99      0.0064   -0.17      0.1      -0.81      0.57    
   0.053    -0.58     -0.81      1         0.0065    0.061    -0.03     -0.81      0.58    
   0.053     0.82     -0.57      1        -0.061     0.0058   -0.03     -0.57     -0.82    
   0.66      0.72     -0.21     -0.28     -0.017    -0.96     -0.69      0.7       0.19    
   0.53      0.45     -0.72      0.66     -0.75      0.028    -0.52     -0.49     -0.7     
   0.061     1        -0.026     1        -0.062    -0.022    -0.023    -0.025    -1       
   0.061    -0.69      0.72      1         0.059    -0.028    -0.023     0.72      0.7     
  -0.62      0.76      0.2       0.28     -0.021     0.96      0.73      0.65     -0.2     
   0.43     -0.49     -0.76     -0.75     -0.66      0.0098   -0.51      0.56     -0.65    
   0.046     1        -0.0081    1        -0.046    -0.037    -0.037    -0.0063   -1       
   0.046    -0.71      0.7       1         0.059    -0.0057   -0.037     0.7       0.72    
   0.94      0.19     -0.27     -0.28      0.02     -0.96     -0.17      0.98      0.072   
  -0.66      0.73     -0.19      0.75      0.66     -0.02      0.11     -0.15     -0.98    
   0.054     0.64      0.77      1        -0.011    -0.061    -0.03      0.77     -0.64    
  -0.96      0.24     -0.17     -0.17      0.017     0.99      0.24      0.97      0.025   
   0.76      0.6      -0.24      0.62     -0.79     -0.02     -0.2      -0.13     -0.97    
  -0.015     0.66      0.75      0.99      0.093    -0.062    -0.11      0.75     -0.66    

XANCHOR
  -0.062     0.033     0.24    
  -0.23      0.043     0.28    
  -0.24      0.044     0.29    
  -0.34      0.052     0.36    
  -0.14     -0.032     0.26    
  -0.14     -0.045     0.26    
  -0.22     -0.042     0.18    
  -0.23     -0.045     0.015   
  -0.13      0.11      0.25    
  -0.13      0.12      0.25    
  -0.22      0.12      0.18    
  -0.22      0.11      0.015   
   0.082    -0.021     0.2     
   0.082    -0.033     0.2     
   0.06     -0.035     0.085   
   0.087     0.068     0.19    
   0.088     0.081     0.19    
   0.06      0.079     0.083   

XAXIS
   0         0         1       
  -0.053    -1         0.03    
  -0.81      0.061     0.58    
   0.054     1        -0.03    
  -0.053    -1         0.03    
   0.69     -0.059    -0.72    
  -0.061    -1         0.023   
  -0.061    -1         0.023   
  -0.053    -1         0.03    
  -0.65      0.058     0.76    
  -0.046    -1         0.037   
  -0.046    -1         0.037   
  -0.053    -1         0.03    
  -0.98      0.058     0.18    
  -0.054    -1         0.029   
  -0.053    -1         0.03    
   0.97     -0.059    -0.24    
  -0.053    -1         0.033   

GEOM_XPOS
   0         0         0       
  -0.043     0.031     0.23    
  -0.23      0.044     0.29    
  -0.31      0.049     0.34    
  -0.38      0.052     0.31    
  -0.14     -0.04      0.26    
  -0.18     -0.044     0.22    
  -0.22     -0.044     0.097   
  -0.17     -0.047     0.073   
  -0.13      0.11      0.25    
  -0.17      0.12      0.22    
  -0.22      0.12      0.097   
  -0.16      0.11      0.075   
   0.081    -0.028     0.2     
   0.071    -0.035     0.14    
   0.087    -0.037     0.063   
   0.087     0.075     0.19    
   0.074     0.08      0.14    
   0.086     0.077     0.06    

GEOM_XMAT
   1         0         0         0         1         0         0         0         1       
   0.27     -0.057     0.96      0.018    -1        -0.064     0.96      0.035    -0.27    
  -0.12     -0.58     -0.8       0.99      0.0064   -0.15      0.092    -0.81      0.57    
   0.048    -0.58     -0.81      1         0.0065    0.055    -0.027    -0.81      0.58    
   0.052     0.82     -0.57      1        -0.061     0.0024   -0.033    -0.57     -0.82    
   0.67      0.72     -0.2      -0.27     -0.017    -0.96     -0.69      0.7       0.18    
   0.53      0.45     -0.72      0.66     -0.75      0.023    -0.53     -0.49     -0.69    
   0.061     1        -0.026     1        -0.062    -0.028    -0.029    -0.025    -1       
   0.063    -0.69      0.72      1         0.059    -0.031    -0.021     0.72      0.7     
  -0.63      0.76      0.19      0.27     -0.021     0.96      0.73      0.65     -0.19    
  -0.43      0.49     -0.75      0.75      0.66      0.005     0.5      -0.56     -0.66    
   0.046     1        -0.0083    1        -0.046    -0.043    -0.043    -0.0063   -1       
   0.048    -0.71      0.7       1         0.059    -0.0083   -0.035     0.7       0.72    
   0.95      0.19     -0.26     -0.27      0.02     -0.96     -0.17      0.98      0.068   
   0.66     -0.73     -0.18     -0.75     -0.66     -0.025    -0.1       0.15     -0.98    
   0.06      0.64      0.77      1        -0.011    -0.069    -0.035     0.77     -0.64    
  -0.96      0.24     -0.15     -0.15      0.017     0.99      0.24      0.97      0.02    
   0.79      0.56     -0.25      0.57     -0.82     -0.029    -0.22     -0.12     -0.97    
  -0.16      0.64      0.76      0.95      0.32     -0.07     -0.29      0.7      -0.65    

LIGHT_XPOS
   0         0         1.3     

LIGHT_XDIR
  -0         0        -1       

SUBTREE_COM
  -0.13      0.034     0.16    
  -0.13      0.034     0.16    
  -0.34      0.05      0.3     
  -0.35      0.05      0.3     
  -0.39      0.052     0.29    
  -0.18     -0.045     0.13    
  -0.18     -0.046     0.13    
  -0.18     -0.046     0.098   
  -0.14     -0.049     0.098   
  -0.17      0.12      0.13    
  -0.17      0.12      0.13    
  -0.17      0.12      0.099   
  -0.14      0.11      0.1     
   0.082    -0.035     0.11    
   0.082    -0.036     0.1     
   0.095    -0.038     0.056   
   0.083     0.078     0.11    
   0.083     0.078     0.1     
   0.094     0.076     0.053   

CDOF
   0         0         0         1         0         0       
   0         0         0         0         1         0       
   0         0         0         0         0         1       
   0.96     -0.06     -0.27      0.005     0.094    -0.0028  
   0.053     1        -0.03     -0.078     0.0063    0.07    
   0.27      0.015     0.96     -0.0025   -0.047     0.0014  
  -0.053    -1         0.03      0.12     -0.0038    0.095   
  -0.81      0.061     0.58     -0.0025   -0.046     0.0014  
   0.054     1        -0.03     -0.21      0.0047   -0.21    
  -0.053    -1         0.03      0.099    -0.0052    0.0029  
   0.69     -0.059    -0.72      0.063     0.065     0.055   
  -0.061    -1         0.023     0.02      0.00069   0.084   
  -0.061    -1         0.023    -0.14      0.011     0.088   
  -0.053    -1         0.03      0.099    -0.0052    0.0029  
  -0.65      0.058     0.76      0.059    -0.064     0.056   
  -0.046    -1         0.037     0.025     0.0021    0.089   
  -0.046    -1         0.037    -0.14      0.0098    0.09    
  -0.053    -1         0.03      0.037    -0.0086   -0.22    
  -0.98      0.058     0.18     -0.015    -0.078    -0.054   
  -0.054    -1         0.029    -0.075    -0.0017   -0.2     
  -0.053    -1         0.03      0.037    -0.0086   -0.22    
   0.97     -0.059    -0.24     -0.0091    0.087    -0.058   
  -0.053    -1         0.033    -0.074    -0.0024   -0.19    

CINERT
   0         0         0         0         0         0         0         0         0         0       
   7.4e-06   2.2e-05   1.7e-05   7e-07    -4.2e-06   1.2e-07   8.8e-05  -2.9e-06   7.2e-05   0.00098 
   9e-06     1.4e-05   5.5e-06   5.3e-07   7e-06    -6.9e-07  -5.5e-05   5.4e-06   7e-05     0.00055 
   8.4e-05   0.00016   7.5e-05   6.3e-06   7.9e-05  -6.7e-06  -0.00045   3.8e-05   0.00048   0.0028  
   7.8e-05   0.00036   0.00029   2e-05     0.00013  -9.5e-06  -0.0011    7.4e-05   0.00053   0.0041  
   8.7e-06   5.7e-06   3e-06    -3e-07     4.1e-07   4.1e-06  -4e-06    -4.1e-05   5.6e-05   0.00055 
   2.9e-05   1.9e-05   2.5e-05  -1.1e-05   7.8e-06   1.4e-05  -0.00014  -0.00023   0.00018   0.0029  
   4.2e-05   5.1e-05   5.5e-05  -2.7e-05  -2.1e-05  -1.8e-05  -0.00035  -0.0003   -0.00023   0.0038  
   6.5e-05   4.3e-05   4.7e-05  -2.7e-06  -1.4e-05  -2.5e-05  -3.9e-05  -0.00042  -0.0003    0.005   
   8.6e-06   5.1e-06   3.5e-06  -7.9e-08  -9.4e-08  -4.2e-06   9.7e-07   4.4e-05   5.3e-05   0.00055 
   3.2e-05   1.7e-05   2.7e-05   1e-05     6.4e-06  -1.5e-05  -0.00012   0.00025   0.00017   0.0029  
   4.6e-05   4.7e-05   5.4e-05   2.7e-05  -2e-05     1.9e-05  -0.00033   0.00032  -0.00023   0.0038  
   6.2e-05   4.1e-05   4.4e-05   1.3e-06  -1.3e-05   2.3e-05  -1.5e-05   0.0004   -0.00029   0.005   
   3e-06     2.6e-05   2.7e-05   7.3e-06  -4.6e-06   1.3e-06   0.00012  -3.4e-05   2.1e-05   0.00055 
   1.6e-05   0.00012   0.00013   4.1e-05   9.8e-06  -3.4e-06   0.00059  -0.0002   -5e-05     0.0029  
   3.7e-05   0.00015   0.00013   3.9e-05   5.5e-05  -1.7e-05   0.00053  -0.00017  -0.00024   0.0023  
   1.6e-06   2.7e-05   2.7e-05  -4.9e-06  -4.3e-06  -8.1e-07   0.00012   2.3e-05   2e-05     0.00055 
   8.6e-06   0.00013   0.00013  -2.7e-05   1.2e-05   2.6e-06   0.0006    0.00013  -5.8e-05   0.0029  
   3.1e-05   0.00015   0.00013  -2.2e-05   5.7e-05   1e-05     0.00053   9.8e-05  -0.00025   0.0023  

ACTUATOR_LENGTH
   1.2e+02 
  -0.014   
  -1.1     
   1e+02   
   1.1     
  -80      
   79      
   98      
   1       
  -72      
   81      
   8.6     
  -0.097   
  -50      
   3       
  -0.28    
  -47      

ACTUATOR_MOMENT
   0         0         0         0         0         0         1e+02     0         0         0         0         0         0         0         0         0         0         0         0         0         0         0         0       
   0         0         0         0         0         0         0         1e+02     0         0         0         0         0         0         0         0         0         0         0         0         0         0         0       
   0         0         0         0         0         0         0         0         1e+02     0         0         0         0         0         0         0         0         0         0         0         0         0         0       
   0         0         0         0         0         0         0         0         0         1e+02     0         0         0         0         0         0         0         0         0         0         0         0         0       
   0         0         0         0         0         0         0         0         0         0         1e+02     0         0         0         0         0         0         0         0         0         0         0         0       
   0         0         0         0         0         0         0         0         0         0         0         1e+02     0         0         0         0         0         0         0         0         0         0         0       
   0         0         0         0         0         0         0         0         0         0         0         0         1e+02     0         0         0         0         0         0         0         0         0         0       
   0         0         0         0         0         0         0         0         0         0         0         0         0         1e+02     0         0         0         0         0         0         0         0         0       
   0         0         0         0         0         0         0         0         0         0         0         0         0         0         1e+02     0         0         0         0         0         0         0         0       
   0         0         0         0         0         0         0         0         0         0         0         0         0         0         0         1e+02     0         0         0         0         0         0         0       
   0         0         0         0         0         0         0         0         0         0         0         0         0         0         0         0         1e+02     0         0         0         0         0         0       
   0         0         0         0         0         0         0         0         0         0         0         0         0         0         0         0         0         1e+02     0         0         0         0         0       
   0         0         0         0         0         0         0         0         0         0         0         0         0         0         0         0         0         0         1e+02     0         0         0         0       
   0         0         0         0         0         0         0         0         0         0         0         0         0         0         0         0         0         0         0         1e+02     0         0         0       
   0         0         0         0         0         0         0         0         0         0         0         0         0         0         0         0         0         0         0         0         1e+02     0         0       
   0         0         0         0         0         0         0         0         0         0         0         0         0         0         0         0         0         0         0         0         0         1e+02     0       
   0         0         0         0         0         0         0         0         0         0         0         0         0         0         0         0         0         0         0         0         0         0         1e+02   

CRB
   0         0         0         0         0         0         0         0         0         0       
   0.00057   0.0014    0.0012    5.7e-05   0.00029  -2.5e-05   2.4e-18  -4.3e-19  -1.7e-18   0.045   
   0.00017   0.00054   0.00037   2.6e-05   0.00022  -1.7e-05  -0.0016    0.00012   0.0011    0.0075  
   0.00016   0.00052   0.00036   2.6e-05   0.00021  -1.6e-05  -0.0015    0.00011   0.001     0.0069  
   7.8e-05   0.00036   0.00029   2e-05     0.00013  -9.5e-06  -0.0011    7.4e-05   0.00053   0.0041  
   0.00014   0.00012   0.00013  -4.1e-05  -2.7e-05  -2.5e-05  -0.00053  -0.00098  -0.0003    0.012   
   0.00014   0.00011   0.00013  -4.1e-05  -2.8e-05  -2.9e-05  -0.00053  -0.00094  -0.00036   0.012   
   0.00011   9.4e-05   0.0001   -3e-05    -3.6e-05  -4.3e-05  -0.00039  -0.00071  -0.00054   0.0088  
   6.5e-05   4.3e-05   4.7e-05  -2.7e-06  -1.4e-05  -2.5e-05  -3.9e-05  -0.00042  -0.0003    0.005   
   0.00015   0.00011   0.00013   3.9e-05  -2.6e-05   2.4e-05  -0.00046   0.001    -0.0003    0.012   
   0.00014   0.00011   0.00013   3.9e-05  -2.6e-05   2.8e-05  -0.00046   0.00097  -0.00035   0.012   
   0.00011   8.8e-05   9.9e-05   2.9e-05  -3.3e-05   4.3e-05  -0.00034   0.00072  -0.00052   0.0088  
   6.2e-05   4.1e-05   4.4e-05   1.3e-06  -1.3e-05   2.3e-05  -1.5e-05   0.0004   -0.00029   0.005   
   5.6e-05   0.0003    0.0003    8.6e-05   6e-05    -1.9e-05   0.0012   -0.0004   -0.00027   0.0058  
   5.3e-05   0.00027   0.00027   7.9e-05   6.5e-05  -2.1e-05   0.0011   -0.00037  -0.00029   0.0052  
   3.7e-05   0.00015   0.00013   3.9e-05   5.5e-05  -1.7e-05   0.00053  -0.00017  -0.00024   0.0023  
   4.1e-05   0.0003    0.00028  -5.4e-05   6.4e-05   1.2e-05   0.0013    0.00025  -0.00028   0.0058  
   3.9e-05   0.00027   0.00025  -4.9e-05   6.8e-05   1.3e-05   0.0011    0.00023  -0.0003    0.0052  
   3.1e-05   0.00015   0.00013  -2.2e-05   5.7e-05   1e-05     0.00053   9.8e-05  -0.00025   0.0023  

QM
   0.045     0         0         0.00023  -0.0035   -0.00011  -0.00015  -2.1e-05  -0.00032   0.0015    8.6e-05   0.00073  -0.00042   0.0015   -6.1e-05   0.00071  -0.00043   0.00049  -2.6e-05   6.7e-05   0.00049   2.6e-05   7e-05   
   0         0.045     0         0.0042    0.00028  -0.0021   -1.9e-05  -0.00039   2.4e-05  -9.6e-05   0.0014   -3.6e-05   3.5e-05  -9.4e-05  -0.0013   -1.8e-05   3.5e-05  -2.6e-05  -0.00048  -1.2e-06  -2.7e-05   0.00048  -1e-06   
   0         0         0.045    -0.00013   0.0031    6.4e-05  -0.00088   1.2e-05   0.00022  -0.00044  -3.1e-05   0.0004    0.00043  -0.00048   4.9e-05   0.00041   0.00042   6.1e-07   1.4e-05   8.2e-05  -2.4e-05  -1.6e-05   8e-05   
   0.00023   0.0042   -0.00013   0.00086   6.1e-06  -0.00012  -3.8e-08  -2.8e-05   1.3e-08   5.3e-07   0.00024  -4.9e-05  -2.5e-05  -4.8e-06  -0.00022   4.9e-05   2.4e-05  -7.6e-06  -5.3e-05  -5.5e-06   6.2e-06   5.4e-05   5.5e-06 
  -0.0035    0.00028   0.0031    6.1e-06   0.0019   -3.4e-06  -0.0003   -3.5e-08   7.1e-05  -0.0003   -2.1e-07  -0.0001    6.7e-05  -0.00029  -1.6e-07  -9.4e-05   6.6e-05  -8e-05     9.6e-08  -2.7e-05  -7.6e-05   1.9e-07  -2.6e-05 
  -0.00011  -0.0021    6.4e-05  -0.00012  -3.4e-06   0.0014   -2.8e-08   0.00013   3.7e-08   0.00013  -0.00012   4.8e-05  -4.2e-05  -0.00013   0.00012  -4.7e-05   4.3e-05   2.7e-05  -9.2e-05   2.4e-06  -2.7e-05   8.8e-05  -2.5e-06 
  -0.00015  -1.9e-05  -0.00088  -3.8e-08  -0.0003   -2.8e-08   1         2.6e-08  -4.9e-05   0         0         0         0         0         0         0         0         0         0         0         0         0         0       
  -2.1e-05  -0.00039   1.2e-05  -2.8e-05  -3.5e-08   0.00013   2.6e-08   1         3.4e-10   0         0         0         0         0         0         0         0         0         0         0         0         0         0       
  -0.00032   2.4e-05   0.00022   1.3e-08   7.1e-05   3.7e-08  -4.9e-05   3.4e-10   1         0         0         0         0         0         0         0         0         0         0         0         0         0         0       
   0.0015   -9.6e-05  -0.00044   5.3e-07  -0.0003    0.00013   0         0         0         1         1.2e-06   0.00015  -4.4e-05   0         0         0         0         0         0         0         0         0         0       
   8.6e-05   0.0014   -3.1e-05   0.00024  -2.1e-07  -0.00012   0         0         0         1.2e-06   1         3.9e-08   2.8e-11   0         0         0         0         0         0         0         0         0         0       
   0.00073  -3.6e-05   0.0004   -4.9e-05  -0.0001    4.8e-05   0         0         0         0.00015   3.9e-08   1         2.5e-05   0         0         0         0         0         0         0         0         0         0       
  -0.00042   3.5e-05   0.00043  -2.5e-05   6.7e-05  -4.2e-05   0         0         0        -4.4e-05   2.8e-11   2.5e-05   1         0         0         0         0         0         0         0         0         0         0       
   0.0015   -9.4e-05  -0.00048  -4.8e-06  -0.00029  -0.00013   0         0         0         0         0         0         0         1         1e-06     0.00014  -4.4e-05   0         0         0         0         0         0       
  -6.1e-05  -0.0013    4.9e-05  -0.00022  -1.6e-07   0.00012   0         0         0         0         0         0         0         1e-06     1        -3.8e-08   3.3e-09   0         0         0         0         0         0       
   0.00071  -1.8e-05   0.00041   4.9e-05  -9.4e-05  -4.7e-05   0         0         0         0         0         0         0         0.00014  -3.8e-08   1         2.4e-05   0         0         0         0         0         0       
  -0.00043   3.5e-05   0.00042   2.4e-05   6.6e-05   4.3e-05   0         0         0         0         0         0         0        -4.4e-05   3.3e-09   2.4e-05   1         0         0         0         0         0         0       
   0.00049  -2.6e-05   6.1e-07  -7.6e-06  -8e-05     2.7e-05   0         0         0         0         0         0         0         0         0         0         0         1        -2.5e-08   1.2e-05   0         0         0       
  -2.6e-05  -0.00048   1.4e-05  -5.3e-05   9.6e-08  -9.2e-05   0         0         0         0         0         0         0         0         0         0         0        -2.5e-08   1        -1.3e-08   0         0         0       
   6.7e-05  -1.2e-06   8.2e-05  -5.5e-06  -2.7e-05   2.4e-06   0         0         0         0         0         0         0         0         0         0         0         1.2e-05  -1.3e-08   1         0         0         0       
   0.00049  -2.7e-05  -2.4e-05   6.2e-06  -7.6e-05  -2.7e-05   0         0         0         0         0         0         0         0         0         0         0         0         0         0         1        -2.4e-08   1.2e-05 
   2.6e-05   0.00048  -1.6e-05   5.4e-05   1.9e-07   8.8e-05   0         0         0         0         0         0         0         0         0         0         0         0         0         0        -2.4e-08   1         1.3e-08 
   7e-05    -1e-06     8e-05     5.5e-06  -2.6e-05  -2.5e-06   0         0         0         0         0         0         0         0         0         0         0         0         0         0         1.2e-05   1.3e-08   1       

QLD
   0.037    -0.034     0.15      0.27     -1.8      -0.08     -0.00015  -2.1e-05  -0.00032   0.0015    8.6e-05   0.00073  -0.00042   0.0015   -6.1e-05   0.00071  -0.00043   0.00049  -2.6e-05   6.7e-05   0.00049   2.6e-05   7e-05   
  -0.034     0.023     0.0063    4.7       0.15     -1.5      -1.9e-05  -0.00039   2.4e-05  -9.6e-05   0.0014   -3.6e-05   3.5e-05  -9.4e-05  -0.0013   -1.8e-05   3.5e-05  -2.6e-05  -0.00048  -1.2e-06  -2.7e-05   0.00048  -1e-06   
   0.15      0.0063    0.039    -0.15      1.7       0.045    -0.00088   1.2e-05   0.00022  -0.00044  -3.1e-05   0.0004    0.00043  -0.00048   4.9e-05   0.00041   0.00042   6.1e-07   1.4e-05   8.2e-05  -2.4e-05  -1.6e-05   8e-05   
   0.27      4.7      -0.15      0.00085   0.0031   -0.086    -3.8e-08  -2.8e-05   1.3e-08   5.3e-07   0.00024  -4.9e-05  -2.5e-05  -4.8e-06  -0.00022   4.9e-05   2.4e-05  -7.6e-06  -5.3e-05  -5.5e-06   6.2e-06   5.4e-05   5.5e-06 
  -1.8       0.15      1.7       0.0031    0.0019   -0.0024   -0.0003   -3.5e-08   7.1e-05  -0.0003   -2.1e-07  -0.0001    6.7e-05  -0.00029  -1.6e-07  -9.4e-05   6.6e-05  -8e-05     9.6e-08  -2.7e-05  -7.6e-05   1.9e-07  -2.6e-05 
  -0.08     -1.5       0.045    -0.086    -0.0024    0.0014   -2.8e-08   0.00013   3.7e-08   0.00013  -0.00012   4.8e-05  -4.2e-05  -0.00013   0.00012  -4.7e-05   4.3e-05   2.7e-05  -9.2e-05   2.4e-06  -2.7e-05   8.8e-05  -2.5e-06 
  -0.00015  -1.9e-05  -0.00088  -3.8e-08  -0.0003   -2.8e-08   1         2.6e-08  -4.9e-05   0         0         0         0         0         0         0         0         0         0         0         0         0         0       
  -2.1e-05  -0.00039   1.2e-05  -2.8e-05  -3.5e-08   0.00013   2.6e-08   1         3.4e-10   0         0         0         0         0         0         0         0         0         0         0         0         0         0       
  -0.00032   2.4e-05   0.00022   1.3e-08   7.1e-05   3.7e-08  -4.9e-05   3.4e-10   1         0         0         0         0         0         0         0         0         0         0         0         0         0         0       
   0.0015   -9.6e-05  -0.00044   5.3e-07  -0.0003    0.00013   0         0         0         1         1.2e-06   0.00015  -4.4e-05   0         0         0         0         0         0         0         0         0         0       
   8.6e-05   0.0014   -3.1e-05   0.00024  -2.1e-07  -0.00012   0         0         0         1.2e-06   1         3.9e-08   2.8e-11   0         0         0         0         0         0         0         0         0         0       
   0.00073  -3.6e-05   0.0004   -4.9e-05  -0.0001    4.8e-05   0         0         0         0.00015   3.9e-08   1         2.5e-05   0         0         0         0         0         0         0         0         0         0       
  -0.00042   3.5e-05   0.00043  -2.5e-05   6.7e-05  -4.2e-05   0         0         0        -4.4e-05   2.8e-11   2.5e-05   1         0         0         0         0         0         0         0         0         0         0       
   0.0015   -9.4e-05  -0.00048  -4.8e-06  -0.00029  -0.00013   0         0         0         0         0         0         0         1         1e-06     0.00014  -4.4e-05   0         0         0         0         0         0       
  -6.1e-05  -0.0013    4.9e-05  -0.00022  -1.6e-07   0.00012   0         0         0         0         0         0         0         1e-06     1        -3.8e-08   3.3e-09   0         0         0         0         0         0       
   0.00071  -1.8e-05   0.00041   4.9e-05  -9.4e-05  -4.7e-05   0         0         0         0         0         0         0         0.00014  -3.8e-08   1         2.4e-05   0         0         0         0         0         0       
  -0.00043   3.5e-05   0.00042   2.4e-05   6.6e-05   4.3e-05   0         0         0         0         0         0         0        -4.4e-05   3.3e-09   2.4e-05   1         0         0         0         0         0         0       
   0.00049  -2.6e-05   6.1e-07  -7.6e-06  -8e-05     2.7e-05   0         0         0         0         0         0         0         0         0         0         0         1        -2.5e-08   1.2e-05   0         0         0       
  -2.6e-05  -0.00048   1.4e-05  -5.3e-05   9.6e-08  -9.2e-05   0         0         0         0         0         0         0         0         0         0         0        -2.5e-08   1        -1.3e-08   0         0         0       
   6.7e-05  -1.2e-06   8.2e-05  -5.5e-06  -2.7e-05   2.4e-06   0         0         0         0         0         0         0         0         0         0         0         1.2e-05  -1.3e-08   1         0         0         0       
   0.00049  -2.7e-05  -2.4e-05   6.2e-06  -7.6e-05  -2.7e-05   0         0         0         0         0         0         0         0         0         0         0         0         0         0         1        -2.4e-08   1.2e-05 
   2.6e-05   0.00048  -1.6e-05   5.4e-05   1.9e-07   8.8e-05   0         0         0         0         0         0         0         0         0         0         0         0         0         0        -2.4e-08   1         1.3e-08 
   7e-05    -1e-06     8e-05     5.5e-06  -2.6e-05  -2.5e-06   0         0         0         0         0         0         0         0         0         0         0         0         0         0         1.2e-05   1.3e-08   1       

QLDIAGINV
   27      
   44      
   25      
   1.2e+03 
   5.3e+02 
   7e+02   
   1       
   1       
   1       
   1       
   1       
   1       
   1       
   1       
   1       
   1       
   1       
   1       
   1       
   1       
   1       
   1       
   1       

QLDIAGSQRTINV
   5.2     
   6.7     
   5       
   34      
   23      
   27      
   1       
   1       
   1       
   1       
   1       
   1       
   1       
   1       
   1       
   1       
   1       
   1       
   1       
   1       
   1       
   1       
   1       

D_rownnz              23 23 23 23 23 23 9 9 9 10 10 10 10 10 10 10 10 9 9 9 9 9 9

D_rowadr              0 23 46 69 92 115 138 147 156 165 175 185 195 205 215 225 235 245 254 263 272 281 290

D_colind              0 1 2 3 4 5 6 7 8 9 10 11 12 13 14 15 16 17 18 19 20 21 22 0 1 2 3 4 5 6 7 8 9 10 11 12 13 14 15 16 17 18 19 20 21 22 0 1 2 3 4 5 6 7 8 9 10 11 12 13 14 15 16 17 18 19 20 21 22 0 1 2 3 4 5 6 7 8 9 10 11 12 13 14 15 16 17 18 19 20 21 22 0 1 2 3 4 5 6 7 8 9 10 11 12 13 14 15 16 17 18 19 20 21 22 0 1 2 3 4 5 6 7 8 9 10 11 12 13 14 15 16 17 18 19 20 21 22 0 1 2 3 4 5 6 7 8 0 1 2 3 4 5 6 7 8 0 1 2 3 4 5 6 7 8 0 1 2 3 4 5 9 10 11 12 0 1 2 3 4 5 9 10 11 12 0 1 2 3 4 5 9 10 11 12 0 1 2 3 4 5 9 10 11 12 0 1 2 3 4 5 13 14 15 16 0 1 2 3 4 5 13 14 15 16 0 1 2 3 4 5 13 14 15 16 0 1 2 3 4 5 13 14 15 16 0 1 2 3 4 5 17 18 19 0 1 2 3 4 5 17 18 19 0 1 2 3 4 5 17 18 19 0 1 2 3 4 5 20 21 22 0 1 2 3 4 5 20 21 22 0 1 2 3 4 5 20 21 22

B_rownnz              23 23 9 9 9 10 10 10 10 10 10 10 10 9 9 9 9 9 9

B_rowadr              0 23 46 55 64 73 83 93 103 113 123 133 143 153 162 171 180 189 198

B_colind              0 1 2 3 4 5 6 7 8 9 10 11 12 13 14 15 16 17 18 19 20 21 22 0 1 2 3 4 5 6 7 8 9 10 11 12 13 14 15 16 17 18 19 20 21 22 0 1 2 3 4 5 6 7 8 0 1 2 3 4 5 6 7 8 0 1 2 3 4 5 6 7 8 0 1 2 3 4 5 9 10 11 12 0 1 2 3 4 5 9 10 11 12 0 1 2 3 4 5 9 10 11 12 0 1 2 3 4 5 9 10 11 12 0 1 2 3 4 5 13 14 15 16 0 1 2 3 4 5 13 14 15 16 0 1 2 3 4 5 13 14 15 16 0 1 2 3 4 5 13 14 15 16 0 1 2 3 4 5 17 18 19 0 1 2 3 4 5 17 18 19 0 1 2 3 4 5 17 18 19 0 1 2 3 4 5 20 21 22 0 1 2 3 4 5 20 21 22 0 1 2 3 4 5 20 21 22

QDERIV
   0         0         0         0         0         0         0         0         0         0         0         0         0         0         0         0         0         0         0         0         0         0         0       
   0         0         0         0         0         0         0         0         0         0         0         0         0         0         0         0         0         0         0         0         0         0         0       
   0         0         0         0         0         0         0         0         0         0         0         0         0         0         0         0         0         0         0         0         0         0         0       
   0         0         0         0         0         0         0         0         0         0         0         0         0         0         0         0         0         0         0         0         0         0         0       
   0         0         0         0         0         0         0         0         0         0         0         0         0         0         0         0         0         0         0         0         0         0         0       
   0         0         0         0         0         0         0         0         0         0         0         0         0         0         0         0         0         0         0         0         0         0         0       
   0         0         0         0         0         0         0         0         0         0         0         0         0         0         0         0         0         0         0         0         0         0         0       
   0         0         0         0         0         0         0         0         0         0         0         0         0         0         0         0         0         0         0         0         0         0         0       
   0         0         0         0         0         0         0         0         0         0         0         0         0         0         0         0         0         0         0         0         0         0         0       
   0         0         0         0         0         0         0         0         0         0         0         0         0         0         0         0         0         0         0         0         0         0         0       
   0         0         0         0         0         0         0         0         0         0         0         0         0         0         0         0         0         0         0         0         0         0         0       
   0         0         0         0         0         0         0         0         0         0         0         0         0         0         0         0         0         0         0         0         0         0         0       
   0         0         0         0         0         0         0         0         0         0         0         0         0         0         0         0         0         0         0         0         0         0         0       
   0         0         0         0         0         0         0         0         0         0         0         0         0         0         0         0         0         0         0         0         0         0         0       
   0         0         0         0         0         0         0         0         0         0         0         0         0         0         0         0         0         0         0         0         0         0         0       
   0         0         0         0         0         0         0         0         0         0         0         0         0         0         0         0         0         0         0         0         0         0         0       
